2020/06/24 21:36:44 Head HandL HandR
0	-0.2642151	-0.01800488	-0.9543645	3.657622	10.04926	6.049749	0	0	0	0	0	0	-0.08619702	-0.3282617	-0.6294048	334.4524	357.3859	339.6149
1	-0.2712227	-0.01847743	-0.9513398	3.300715	11.22597	6.144307	0	0	0	0	0	0	-0.08954358	-0.3049907	-0.6216798	330.9376	356.6068	342.7683
2	-0.2712227	-0.01847743	-0.9513398	3.300715	11.22597	6.144307	0	0	0	0	0	0	-0.08954358	-0.3049907	-0.6216798	330.9376	356.6068	342.7683
3	-0.2712227	-0.01847743	-0.9513398	3.300715	11.22597	6.144307	0	0	0	0	0	0	-0.08954358	-0.3049907	-0.6216798	330.9376	356.6068	342.7683
4	-0.2712227	-0.01847743	-0.9513398	3.300715	11.22597	6.144307	0	0	0	0	0	0	-0.08954358	-0.3049907	-0.6216798	330.9376	356.6068	342.7683
5	-0.2712227	-0.01847743	-0.9513398	3.300715	11.22597	6.144307	0	0	0	0	0	0	-0.08954358	-0.3049907	-0.6216798	330.9376	356.6068	342.7683
6	-0.2774376	-0.01828186	-0.9496081	2.973785	12.00791	6.297567	0	0	0	0	0	0	-0.08933306	-0.2755606	-0.6135444	327.603	354.4868	349.5423
7	-0.2803706	-0.01835385	-0.9488675	2.849747	12.23397	6.356082	0	0	0	0	0	0	-0.08924878	-0.260717	-0.6113759	325.749	354.1367	353.0775
8	-0.284197	-0.0179407	-0.9481459	2.714678	12.29184	6.557411	0	0	0	0	0	0	-0.09105027	-0.2393892	-0.6086804	323.6351	353.3471	358.2004
9	-0.2867755	-0.01826977	-0.9473186	2.582887	12.41823	6.891707	0	0	0	0	0	0	-0.09339833	-0.2265199	-0.6074552	322.235	352.5934	0.7117603
10	-0.2896751	-0.01868231	-0.9466296	2.495375	12.49154	7.049887	0	0	0	0	0	0	-0.09548461	-0.2147451	-0.6073404	320.4554	352.5073	0.5992017
11	-0.2938083	-0.01849698	-0.94587	2.302681	12.6286	7.19719	0	0	0	0	0	0	-0.09959042	-0.199607	-0.6065516	318.5865	351.2041	5.008142
12	-0.2965385	-0.01874827	-0.9454225	2.106274	12.85837	7.395225	0	0	0	0	0	0	-0.103951	-0.1906641	-0.6052391	317.7518	349.3831	11.88288
13	-0.3000373	-0.0198862	-0.9453161	2.211118	13.57757	7.707706	0	0	0	0	0	0	-0.1111118	-0.178256	-0.6040252	315.8656	347.715	18.51848
14	-0.3020698	-0.02040715	-0.9446881	2.419085	14.19445	7.766113	0	0	0	0	0	0	-0.1165718	-0.1704331	-0.6029738	314.7885	346.4171	25.47899
15	-0.3034054	-0.02105266	-0.9444327	2.639548	14.97414	7.813116	0	0	0	0	0	0	-0.12368	-0.1636012	-0.6023366	313.6322	342.5306	39.56443
16	-0.3058175	-0.02294707	-0.9442686	3.354311	16.47011	7.648464	0	0	0	0	0	0	-0.1348501	-0.1559485	-0.6015036	313.5845	337.3464	52.50061
17	-0.30735	-0.02233149	-0.9432986	3.96131	17.5937	7.54726	0	0	0	0	0	0	-0.1390172	-0.1508138	-0.6022121	313.4333	335.7241	54.85676
18	-0.3089556	-0.02319885	-0.9427775	4.623302	19.43783	8.060566	0	0	0	0	0	0	-0.1446272	-0.1456995	-0.6043547	312.9486	330.7933	78.79397
19	-0.310371	-0.02454626	-0.9424239	5.273427	20.98001	8.198169	0	0	0	0	0	0	-0.1478633	-0.1455869	-0.6055229	314.6787	326.2371	89.7122
20	-0.3110532	-0.02574288	-0.9411367	5.979164	22.74099	8.129097	0	0	0	0	0	0	-0.147216	-0.1451772	-0.6077939	315.2534	324.671	93.39429
21	-0.3117508	-0.02738298	-0.9388815	7.405529	25.70011	8.478349	0	0	0	0	0	0	-0.1401179	-0.1448557	-0.6140007	314.9905	323.5869	100.9767
22	-0.3126105	-0.02949195	-0.9366396	8.382913	27.73719	8.739201	0	0	0	0	0	0	-0.132573	-0.1463007	-0.6188657	315.7465	322.9245	106.4349
23	-0.3111118	-0.03258032	-0.9336196	9.980774	31.1604	8.981173	0	0	0	0	0	0	-0.1147555	-0.1483292	-0.6279632	316.1097	324.4658	107.0041
24	-0.3095387	-0.03476868	-0.9305955	11.09966	33.68465	9.113839	0	0	0	0	0	0	-0.09694898	-0.1483513	-0.6361809	314.8683	327.9257	105.451
25	-0.30682	-0.03730152	-0.9284611	12.21938	36.23328	9.112556	0	0	0	0	0	0	-0.07637668	-0.1483219	-0.6463361	312.7773	332.1497	102.4732
26	-0.3010834	-0.04226345	-0.9257539	14.30902	40.43399	9.103298	0	0	0	0	0	0	-0.03971028	-0.1497923	-0.6648007	309.8997	343.1462	89.87592
27	-0.2962474	-0.04570445	-0.9239433	15.76956	43.33059	8.968613	0	0	0	0	0	0	-0.01357436	-0.1531646	-0.6794181	308.5389	352.8168	77.73882
28	-0.2872435	-0.05086491	-0.9225712	17.79001	47.8366	8.950812	0	0	0	0	0	0	0.02485859	-0.1635598	-0.7036853	308.2405	7.138	58.6471
29	-0.280414	-0.05443852	-0.9216381	19.08282	50.68836	8.910435	0	0	0	0	0	0	0.04997909	-0.1739247	-0.7194298	310.2041	16.03886	46.64829
30	-0.2735592	-0.0581184	-0.9213929	20.45436	53.44635	8.837453	0	0	0	0	0	0	0.07512331	-0.1854454	-0.7356194	313.1875	24.63137	33.48593
31	-0.2610735	-0.06299657	-0.9219521	22.63961	57.21426	8.546986	0	0	0	0	0	0	0.1122593	-0.204408	-0.760457	318.7908	36.81409	13.71366
32	-0.2523361	-0.06645299	-0.9231926	24.15551	59.36682	8.123224	0	0	0	0	0	0	0.1350464	-0.2186755	-0.7766944	323.1867	41.70176	3.023007
33	-0.2386128	-0.07126255	-0.9263001	26.6377	62.50458	7.673328	0	0	0	0	0	0	0.1641262	-0.2405243	-0.8003836	328.0106	46.04003	351.9575
34	-0.2292668	-0.07492354	-0.9279698	28.37257	64.55243	7.471046	0	0	0	0	0	0	0.1823257	-0.2551651	-0.8165154	331.4203	49.92877	343.5675
35	-0.2195588	-0.07910752	-0.9293744	29.99617	66.40493	7.007842	0	0	0	0	0	0	0.1984239	-0.2698714	-0.831786	334.5161	53.37842	336.2987
36	-0.205232	-0.0844337	-0.9320527	32.3224	68.62228	6.360027	0	0	0	0	0	0	0.2173094	-0.2914538	-0.8511615	338.3075	55.9841	325.74
37	-0.1949323	-0.08788647	-0.9333792	33.87099	70.08871	6.274893	0	0	0	0	0	0	0.2260051	-0.3043296	-0.8607782	339.3983	56.5383	320.6497
38	-0.18565	-0.09223071	-0.9339133	35.36119	71.32122	6.059245	0	0	0	0	0	0	0.2348264	-0.3175969	-0.8694924	341.4779	57.53421	315.7799
39	-0.1712505	-0.09841678	-0.935641	37.67663	72.54448	5.417419	0	0	0	0	0	0	0.2450923	-0.3361351	-0.8791037	343.5524	58.45136	310.353
40	-0.1611551	-0.1025631	-0.9360393	39.242	73.23392	5.213123	0	0	0	0	0	0	0.2498833	-0.3466638	-0.8823287	343.8748	57.96622	308.2618
41	-0.1465656	-0.1086168	-0.9355717	41.26224	73.7844	4.857173	0	0	0	0	0	0	0.2562035	-0.3618067	-0.8840883	344.6736	57.54936	305.2448
42	-0.137844	-0.11231	-0.9346605	42.47929	73.60564	4.485798	0	0	0	0	0	0	0.2602428	-0.3717682	-0.8830976	345.5846	57.70102	304.529
43	-0.1283969	-0.1148943	-0.9332474	43.44368	73.09802	4.085484	0	0	0	0	0	0	0.2638679	-0.3812031	-0.8795733	346.2886	57.20996	304.7098
44	-0.1161547	-0.1179209	-0.929802	44.45018	71.71376	3.427015	0	0	0	0	0	0	0.2684058	-0.3936799	-0.8706595	346.5761	56.29083	306.4165
45	-0.1083902	-0.1191773	-0.9270306	44.6813	70.43558	2.927797	0	0	0	0	0	0	0.2711844	-0.4018204	-0.862443	347.2695	55.76256	307.2935
46	-0.09744918	-0.1202938	-0.9219952	44.68567	67.93124	2.012199	0	0	0	0	0	0	0.2754825	-0.4125292	-0.8469048	348.519	54.85913	310.2934
47	-0.0900656	-0.1204608	-0.9178703	44.42353	65.72062	1.201311	0	0	0	0	0	0	0.2775925	-0.4171619	-0.834594	348.5593	53.81222	312.6648
48	-0.08362901	-0.1204399	-0.9143096	43.88834	63.08973	0.2107843	0	0	0	0	0	0	0.2794188	-0.420239	-0.8212474	348.3705	52.58117	315.1284
49	-0.07283509	-0.1189878	-0.9075282	43.26221	58.53838	358.6907	0	0	0	0	0	0	0.281543	-0.4208726	-0.7990401	346.2563	51.00013	319.0237
50	-0.06559086	-0.1182414	-0.9024361	42.54913	55.00053	357.3807	0	0	0	0	0	0	0.2827756	-0.4197125	-0.7832795	345.585	49.19658	317.5572
51	-0.05615556	-0.1151795	-0.8963767	41.30003	49.25889	355.0216	0	0	0	0	0	0	0.2851595	-0.4149524	-0.7600515	344.2323	47.3665	316.2061
52	-0.04951131	-0.112759	-0.8914008	40.23621	45.20123	353.4915	0	0	0	0	0	0	0.2852961	-0.4089945	-0.7435084	342.319	46.48974	320.53
53	-0.04368389	-0.109673	-0.8864136	38.79376	40.92699	351.7976	0	0	0	0	0	0	0.2839376	-0.4014758	-0.7252956	340.4478	44.69371	322.7389
54	-0.03520882	-0.1042629	-0.8804494	36.18443	34.22684	349.3636	0	0	0	0	0	0	0.2803301	-0.3874288	-0.6975079	337.7436	42.09832	322.9628
55	-0.02934754	-0.09984874	-0.8765836	34.0379	29.93017	347.8815	0	0	0	0	0	0	0.2761455	-0.3752776	-0.6791514	335.5966	40.82317	325.6036
56	-0.02146447	-0.0927654	-0.8715255	30.60545	23.76516	346.3096	0	0	0	0	0	0	0.2648791	-0.3518805	-0.651696	330.7087	37.10526	334.4688
57	-0.01653135	-0.08865035	-0.868582	28.23944	19.69763	345.4469	0	0	0	0	0	0	0.251853	-0.3330919	-0.6338752	325.7872	33.32639	346.794
58	-0.0119977	-0.08426662	-0.8663951	25.88717	15.95967	344.8866	0	0	0	0	0	0	0.2375373	-0.3136056	-0.6170946	321.607	30.02605	351.4409
59	-0.006184578	-0.07901588	-0.8630856	22.32963	10.51403	344.3452	0	0	0	0	0	0	0.2140583	-0.28143	-0.5987447	313.8656	26.72487	0.8858769
60	-0.001630069	-0.07508669	-0.8625692	20.35135	6.921214	344.0072	0	0	0	0	0	0	0.1939768	-0.2594089	-0.5871871	308.2537	20.39972	13.30133
61	0.004781247	-0.07040682	-0.8614215	17.91332	2.339372	344.1972	0	0	0	0	0	0	0.1613622	-0.2287726	-0.573443	300.842	5.390697	33.79373
62	0.008492113	-0.06765828	-0.8605118	16.29035	359.4513	344.3574	0	0	0	0	0	0	0.1380739	-0.2112056	-0.5680125	296.677	349.6171	58.82528
63	0.01316309	-0.0644244	-0.8599687	14.68338	356.7418	344.6175	0	0	0	0	0	0	0.1157793	-0.1959554	-0.5649002	293.4462	332.0486	84.59869
64	0.01905382	-0.05934575	-0.8589095	12.86223	352.5588	345.4109	0	0	0	0	0	0	0.08386707	-0.1768381	-0.5626902	292.6136	304.4003	115.0576
65	0.02298391	-0.05642615	-0.8579169	11.7732	349.6493	345.9894	0	0	0	0	0	0	0.06534243	-0.1650685	-0.5632151	292.6089	289.9069	130.3401
66	0.0297941	-0.05234515	-0.8564659	10.08381	345.8828	346.8155	0	0	0	0	0	0	0.04176474	-0.150237	-0.5683249	291.8136	269.2336	146.7892
67	0.03266585	-0.05051979	-0.8560954	9.026259	343.5972	347.267	0	0	0	0	0	0	0.02705288	-0.1427842	-0.5708905	293.1467	260.1747	154.1968
68	0.03533089	-0.04880486	-0.8560124	8.183051	341.3097	347.5807	0	0	0	0	0	0	0.01319432	-0.1377772	-0.5743962	294.4335	251.4755	159.2267
69	0.0392257	-0.04571973	-0.8557621	7.13412	337.7797	348.0838	0	0	0	0	0	0	-0.005212545	-0.1322083	-0.5794544	295.4066	240.57	166.5286
70	0.04103601	-0.04382648	-0.8558217	6.198686	335.1884	348.6396	0	0	0	0	0	0	-0.01740062	-0.1291389	-0.5818811	295.253	236.3766	166.5995
71	0.04297328	-0.04231091	-0.8568789	5.213353	332.4344	349.2162	0	0	0	0	0	0	-0.02959311	-0.1258302	-0.5842064	294.1554	233.8151	163.7566
72	0.04556143	-0.03835864	-0.8587168	4.042831	328.2086	350.2033	0	0	0	0	0	0	-0.04656327	-0.1191771	-0.5878819	289.7852	229.9023	158.5542
73	0.04690659	-0.03579182	-0.8598799	3.022694	325.3548	350.8572	0	0	0	0	0	0	-0.05715978	-0.1139257	-0.5909027	285.3171	226.5411	153.8293
74	0.04943132	-0.03154286	-0.8628431	1.621749	320.9032	351.9744	0	0	0	0	0	0	-0.07066083	-0.103492	-0.5947265	274.1516	234.8595	125.9007
75	0.05017042	-0.02834205	-0.8645673	0.9188166	317.7079	352.8394	0	0	0	0	0	0	-0.08013165	-0.09604667	-0.5957246	275.5901	349.2554	356.6223
76	0.0506748	-0.0254525	-0.866036	-0.001304566	314.4036	353.677	0	0	0	0	0	0	-0.09238732	-0.09013088	-0.5975123	281.4418	352.8309	341.8967
77	0.05088055	-0.02145228	-0.8689377	358.736	309.5745	354.7842	0	0	0	0	0	0	-0.1138047	-0.08261687	-0.6034873	288.9915	343.3697	332.7068
78	0.05032337	-0.01879111	-0.8711911	357.8179	306.2009	355.3276	0	0	0	0	0	0	-0.1271189	-0.07848725	-0.6088009	293.7228	338.2574	321.3364
79	0.05000281	-0.01437267	-0.8751755	356.2046	300.8522	356.3522	0	0	0	0	0	0	-0.149465	-0.07363559	-0.6177443	299.0746	327.527	316.3405
80	0.04963171	-0.01137311	-0.8787354	354.9893	297.0742	357.0717	0	0	0	0	0	0	-0.1654201	-0.07107223	-0.6272722	299.8574	320.8563	315.2229
81	0.04910481	-0.007591228	-0.8831614	353.7114	293.1106	357.5498	0	0	0	0	0	0	-0.1797377	-0.06856453	-0.6374169	301.3573	314.6737	308.339
82	0.05034411	0.001224118	-0.8882733	350.537	287.4175	357.993	0	0	0	0	0	0	-0.1989621	-0.06632425	-0.6532544	304.7362	303.9695	299.0585
83	0.0502969	0.004485737	-0.892485	347.542	284.9698	358.2867	0	0	0	0	0	0	-0.210373	-0.06453528	-0.6652322	305.8153	298.4543	299.3273
84	0.05185032	0.00855316	-0.9000347	344.5798	281.8279	358.9698	0	0	0	0	0	0	-0.2236124	-0.06088436	-0.6851349	302.9232	286.9924	304.451
85	0.05031025	0.01322853	-0.9059116	343.7845	279.8489	359.802	0	0	0	0	0	0	-0.2308887	-0.05857343	-0.6966452	302.4204	280.8839	308.9574
86	0.04836214	0.01773744	-0.9119998	342.5601	278.1572	0.6413871	0	0	0	0	0	0	-0.2370034	-0.05686304	-0.7050288	302.1933	278.8254	311.8505
87	0.04531038	0.02415573	-0.9204529	339.9481	275.415	2.819201	0	0	0	0	0	0	-0.2452272	-0.05416254	-0.7166207	301.5139	273.619	318.4231
88	0.04360807	0.02671883	-0.9258624	338.4537	273.4206	5.125259	0	0	0	0	0	0	-0.24973	-0.05206867	-0.724273	299.8653	267.4212	327.6448
89	0.03897047	0.02737678	-0.9327322	337.0957	271.7066	7.740727	0	0	0	0	0	0	-0.2567059	-0.05166338	-0.7329741	298.5807	259.1889	346.0886
90	0.03450954	0.02653095	-0.9364615	337.0739	271.769	8.406827	0	0	0	0	0	0	-0.262998	-0.05374894	-0.7369747	299.3433	253.4696	356.4973
91	0.02842343	0.02602807	-0.9395662	337.7943	272.6855	8.611412	0	0	0	0	0	0	-0.2706369	-0.05715211	-0.738987	301.5219	249.0236	4.423387
92	0.01746619	0.02516332	-0.9427436	340.0967	274.5913	8.537874	0	0	0	0	0	0	-0.282621	-0.06549208	-0.7392809	305.3158	243.5397	23.80811
93	0.008663058	0.02433426	-0.9445011	341.7538	276.323	8.082861	0	0	0	0	0	0	-0.291257	-0.0738719	-0.7389048	308.6454	238.9328	35.95502
94	-0.005117536	0.02254603	-0.9450218	344.3747	279.1548	7.24593	0	0	0	0	0	0	-0.3076369	-0.09243703	-0.7330976	316.3266	236.2001	52.37807
95	-0.0136019	0.02068432	-0.9436985	346.2409	281.5423	6.775283	0	0	0	0	0	0	-0.320311	-0.1097993	-0.7279933	320.8245	237.7471	68.85664
96	-0.02327955	0.01911338	-0.9421065	348.2291	284.5108	6.452662	0	0	0	0	0	0	-0.3318962	-0.1289777	-0.7171314	325.2956	240.4603	68.44996
97	-0.0397867	0.01518665	-0.9408804	350.8369	289.401	5.952065	0	0	0	0	0	0	-0.3448418	-0.1584818	-0.6925007	330.6795	244.2787	71.55225
98	-0.04967082	0.01173461	-0.9382262	353.0107	292.8018	5.928221	0	0	0	0	0	0	-0.3534287	-0.1820531	-0.674037	335.1052	248.6153	79.61998
99	-0.06817782	0.007053901	-0.9362708	355.963	298.2166	6.220271	0	0	0	0	0	0	-0.3592674	-0.2170001	-0.6404517	342.6801	253.7977	77.14197
100	-0.08026278	0.003210009	-0.934012	357.7327	302.0723	5.836327	0	0	0	0	0	0	-0.3580705	-0.2374052	-0.6140507	345.7905	257.6625	80.25211
101	-0.09184551	-0.001265469	-0.9312628	359.8392	306.2421	6.009972	0	0	0	0	0	0	-0.3549165	-0.256696	-0.5852607	349.2281	262.9244	85.36892
102	-0.1134523	-0.008023101	-0.9301594	2.697334	312.1884	6.227343	0	0	0	0	0	0	-0.343064	-0.2757056	-0.5401428	354.0965	270.1162	85.24188
103	-0.1268671	-0.01079516	-0.928645	4.074535	315.6718	5.907094	0	0	0	0	0	0	-0.3294359	-0.2740789	-0.5098011	353.5829	274.6618	86.89703
104	-0.1398288	-0.01014242	-0.9285112	4.885732	319.0352	5.029008	0	0	0	0	0	0	-0.3153278	-0.2616388	-0.4806857	351.6571	281.1136	88.06269
105	-0.156854	-0.004830386	-0.9268642	4.713267	324.1865	3.625654	0	0	0	0	0	0	-0.28889	-0.2130369	-0.4480051	344.7319	289.0218	80.34378
106	-0.1686988	0.0009650188	-0.9268884	4.503321	327.8485	3.468514	0	0	0	0	0	0	-0.2708198	-0.1679119	-0.43403	337.7234	294.8087	74.33479
107	-0.1870223	0.01322694	-0.9267754	2.70883	332.2007	3.608808	0	0	0	0	0	0	-0.2429451	-0.09498849	-0.4232619	328.1506	303.1677	64.71007
108	-0.1976579	0.02127548	-0.9282435	1.560648	334.5846	4.624707	0	0	0	0	0	0	-0.2240833	-0.04854641	-0.4228557	322.3297	307.4154	58.96832
109	-0.2105573	0.02869387	-0.9294553	0.9084885	336.9832	5.52393	0	0	0	0	0	0	-0.2053689	-0.007847144	-0.4262109	317.8728	310.9916	54.37076
110	-0.2295793	0.03784104	-0.9302066	0.2104381	340.2244	6.325075	0	0	0	0	0	0	-0.1812819	0.0355815	-0.4387328	313.2951	312.4002	56.37473
111	-0.2424353	0.0400491	-0.9301286	0.3234249	342.4942	6.790878	0	0	0	0	0	0	-0.1734198	0.04910088	-0.4492163	311.8159	310.5638	61.81472
112	-0.2633177	0.03682991	-0.9282715	0.4925797	345.8292	7.000431	0	0	0	0	0	0	-0.1788405	0.04263524	-0.460125	316.8474	308.5769	68.42867
113	-0.2769829	0.03072881	-0.9267026	1.103142	347.7975	7.143541	0	0	0	0	0	0	-0.1886081	0.02340076	-0.4648647	323.9438	307.2202	72.14213
114	-0.2904149	0.02241753	-0.9239119	2.332705	349.4405	7.978181	0	0	0	0	0	0	-0.1988162	-0.006522782	-0.4692941	329.8207	306.5072	76.66277
115	-0.3095974	0.004014756	-0.919164	4.256566	351.7737	9.869419	0	0	0	0	0	0	-0.2107083	-0.06418191	-0.4732273	338.3926	307.7333	79.00461
116	-0.3209206	-0.008948829	-0.9157769	5.750864	353.2947	10.63807	0	0	0	0	0	0	-0.2166919	-0.1085399	-0.4757305	344.9664	308.381	80.23282
117	-0.3347856	-0.02170284	-0.9108328	8.12058	355.6023	10.99404	0	0	0	0	0	0	-0.2193753	-0.1712232	-0.4816627	354.3374	309.4669	85.6178
118	-0.3413812	-0.02467631	-0.9086309	9.034684	357.2143	10.82397	0	0	0	0	0	0	-0.21676	-0.2011956	-0.4868955	0.8965468	310.7136	87.89858
119	-0.3495609	-0.02226811	-0.9060398	9.491939	359.0468	10.01465	0	0	0	0	0	0	-0.2113675	-0.2116664	-0.4932109	3.511358	311.3671	91.05637
120	-0.3568078	-0.006190675	-0.9010735	8.952096	0.711511	9.341294	0	0	0	0	0	0	-0.2051698	-0.1857045	-0.5005799	358.2285	311.9547	91.5792
121	-0.3603839	0.004909967	-0.8997042	8.339771	1.637126	9.611902	0	0	0	0	0	0	-0.2013661	-0.1521853	-0.5054038	355.174	312.8308	86.69836
122	-0.3643278	0.02031367	-0.8962139	7.483694	2.420592	9.577517	0	0	0	0	0	0	-0.1947075	-0.0890928	-0.510913	346.86	314.4888	85.48622
123	-0.3652741	0.02766322	-0.8947544	6.796894	2.494871	9.289469	0	0	0	0	0	0	-0.1892391	-0.0518043	-0.5153344	343.5128	314.7176	84.20004
124	-0.3651377	0.03334584	-0.8934035	6.443634	2.57731	8.871425	0	0	0	0	0	0	-0.1835572	-0.02073072	-0.5188691	339.612	315.6149	84.73681
125	-0.3624059	0.03562096	-0.8919173	6.450655	3.093148	9.026712	0	0	0	0	0	0	-0.178394	0.001329505	-0.5240989	337.9274	314.8387	87.2394
126	-0.3602625	0.03254857	-0.8902462	6.616832	3.603162	9.553583	0	0	0	0	0	0	-0.1770095	0.002101847	-0.5252424	338.5036	315.4998	86.56709
127	-0.356527	0.02184326	-0.887334	7.282246	4.135725	9.726807	0	0	0	0	0	0	-0.1779565	-0.01999924	-0.5254382	341.0453	315.6788	86.67022
128	-0.3513013	0.01246417	-0.8853925	7.810886	4.103828	9.869898	0	0	0	0	0	0	-0.1793054	-0.04864345	-0.5241768	344.7668	315.5479	87.3263
129	-0.3465453	0.0003848607	-0.8841177	8.568012	4.146554	9.795234	0	0	0	0	0	0	-0.1795164	-0.08309168	-0.5224417	347.9838	315.4359	88.52159
130	-0.3382274	-0.01612496	-0.8800796	10.22041	4.031038	8.982976	0	0	0	0	0	0	-0.1767024	-0.1359909	-0.5202776	352.6473	314.872	87.24645
131	-0.3309759	-0.0225467	-0.8786526	11.26192	3.513409	8.284046	0	0	0	0	0	0	-0.1724011	-0.164849	-0.5195141	354.9919	314.6354	86.59379
132	-0.3155457	-0.02427316	-0.8763495	11.31381	2.153955	7.021966	0	0	0	0	0	0	-0.1622193	-0.1865243	-0.5202492	357.212	313.6199	87.19316
133	-0.3049818	-0.02096314	-0.8735004	10.06349	1.383907	5.388239	0	0	0	0	0	0	-0.1528661	-0.1822576	-0.5195068	357.1236	313.6046	87.68003
134	-0.2910701	-0.01331103	-0.8715525	8.286543	0.8496339	4.545788	0	0	0	0	0	0	-0.1419648	-0.1620621	-0.5186431	354.0839	313.3209	86.71461
135	-0.2689377	1.30469E-05	-0.8725286	7.97198	0.7811773	4.963097	0	0	0	0	0	0	-0.1225684	-0.11404	-0.5176305	347.3268	313.0712	84.14065
136	-0.254057	0.01013986	-0.8694394	7.909717	0.969425	4.91311	0	0	0	0	0	0	-0.1076922	-0.07944808	-0.5175878	343.2378	312.8982	84.6329
137	-0.2381862	0.01969023	-0.8681312	7.168716	1.084758	4.0437	0	0	0	0	0	0	-0.09069526	-0.04530146	-0.5182194	340.1962	312.6879	85.66182
138	-0.2125865	0.03258316	-0.865416	6.345961	1.071313	2.797875	0	0	0	0	0	0	-0.06443214	-0.003885104	-0.5190623	335.5518	312.6123	85.2838
139	-0.1955336	0.03660515	-0.8639697	5.655472	0.7849368	2.276348	0	0	0	0	0	0	-0.04670799	0.01465494	-0.5192017	332.9046	312.7174	84.63019
140	-0.1694014	0.03747968	-0.8618365	5.129352	0.5011481	1.352309	0	0	0	0	0	0	-0.02299106	0.02123236	-0.5168831	332.5122	312.5773	86.51501
141	-0.1509616	0.0346445	-0.8598574	5.015209	0.3214978	1.165248	0	0	0	0	0	0	-0.009504557	0.01312988	-0.5143167	332.7527	312.1497	85.18489
142	-0.1328028	0.02823553	-0.8587661	5.372018	0.3005409	1.269689	0	0	0	0	0	0	0.002419233	-0.005709957	-0.5097869	334.8079	312.3277	84.41238
143	-0.1080109	0.01473975	-0.8549998	6.198994	0.4101622	0.7052928	0	0	0	0	0	0	0.0196178	-0.0494191	-0.5014818	339.2285	312.1034	84.61647
144	-0.09021795	0.00588457	-0.8533099	6.573785	0.1248493	0.09976443	0	0	0	0	0	0	0.03184366	-0.08340902	-0.4954402	342.7238	311.851	83.9912
145	-0.06430912	-0.003427411	-0.8497284	7.204203	359.8286	359.1144	0	0	0	0	0	0	0.05344808	-0.1292898	-0.4873329	349.0954	311.1193	87.76198
146	-0.04719484	-0.003322165	-0.846177	6.993711	359.203	358.5677	0	0	0	0	0	0	0.07152522	-0.1448873	-0.4836518	349.7593	310.8967	89.43931
147	-0.02885449	0.0006659226	-0.8443856	6.511966	358.1189	358.4637	0	0	0	0	0	0	0.09271812	-0.1441586	-0.4810002	348.5134	310.9098	88.13177
148	-0.001701236	0.0132581	-0.8413907	6.367577	357.2066	358.5176	0	0	0	0	0	0	0.1274513	-0.1156902	-0.4779654	342.1964	311.7893	84.96154
149	0.01663125	0.02280928	-0.8395488	5.830851	357.0269	357.9952	0	0	0	0	0	0	0.1518577	-0.08774615	-0.4764978	337.7758	312.77	83.45064
150	0.04616332	0.03716579	-0.8379446	4.608214	357.212	356.5867	0	0	0	0	0	0	0.1880184	-0.04785328	-0.475318	334.9597	313.8486	83.5394
151	0.06509256	0.04322548	-0.837565	3.799112	357.377	356.1281	0	0	0	0	0	0	0.21128	-0.02368522	-0.4753415	332.5107	314.8508	83.11017
152	0.08240974	0.04655438	-0.8372335	3.12637	357.423	355.4557	0	0	0	0	0	0	0.2335253	-0.004693053	-0.4770406	330.0646	315.275	81.74231
153	0.1092113	0.04741484	-0.8376141	2.428401	357.5739	354.6731	0	0	0	0	0	0	0.2633295	0.008772536	-0.4796235	327.4609	315.9732	81.14902
154	0.1262207	0.04447599	-0.837758	2.260242	357.8483	354.6386	0	0	0	0	0	0	0.2797606	0.00613922	-0.4804212	326.4241	316.2238	80.50095
155	0.1496772	0.03523203	-0.8365961	2.360905	357.8164	354.5877	0	0	0	0	0	0	0.2997149	-0.01516181	-0.4797553	326.7965	316.022	79.08405
156	0.1641296	0.02741196	-0.8359521	2.450509	357.6086	354.3395	0	0	0	0	0	0	0.3097234	-0.04259094	-0.476908	328.4926	316.3828	78.43385
157	0.1773611	0.01856133	-0.8359693	2.814705	357.6751	353.6346	0	0	0	0	0	0	0.3178713	-0.07601722	-0.4731327	330.0671	316.9237	76.1396
158	0.1939861	0.01016759	-0.8346103	3.939558	357.5976	351.9655	0	0	0	0	0	0	0.3275642	-0.1297122	-0.4670921	334.1745	317.6437	74.00364
159	0.2057563	0.007515733	-0.8336723	3.735166	357.3519	350.8501	0	0	0	0	0	0	0.3352946	-0.1588369	-0.4650714	337.4187	317.6605	76.53074
160	0.2204823	0.007372187	-0.8326017	2.577596	356.7788	350.2733	0	0	0	0	0	0	0.3543513	-0.174483	-0.4650214	337.3618	319.0947	75.98424
161	0.2290447	0.007912167	-0.8323742	1.518808	356.1208	349.95	0	0	0	0	0	0	0.3710986	-0.1654626	-0.4682619	333.4912	320.1187	72.5155
162	0.2377187	0.01052528	-0.8322557	0.8156436	355.5182	349.4995	0	0	0	0	0	0	0.3907859	-0.1469881	-0.472709	328.1588	322.4555	68.47823
163	0.2496878	0.01627012	-0.8317183	0.7678943	355.421	349.2872	0	0	0	0	0	0	0.426333	-0.1164496	-0.4822875	318.9821	328.2728	59.68437
164	0.2563353	0.01847838	-0.8311282	1.114658	355.7464	349.2511	0	0	0	0	0	0	0.4497677	-0.103514	-0.4884396	314.6189	332.3995	52.91287
165	0.2645868	0.02172666	-0.8286989	1.514188	356.0078	349.4746	0	0	0	0	0	0	0.4792535	-0.1017215	-0.4917238	312.1442	337.9163	47.45885
166	0.2693156	0.02187421	-0.8279887	1.566025	356.0032	349.3204	0	0	0	0	0	0	0.491132	-0.1129535	-0.4890853	312.2684	341.2128	44.00898
167	0.2738165	0.02015226	-0.8279014	1.661136	355.962	348.7891	0	0	0	0	0	0	0.4936286	-0.1347121	-0.4818049	317.4138	339.5361	44.291
168	0.2809991	0.01613238	-0.8267434	1.526587	355.881	348.3811	0	0	0	0	0	0	0.4872001	-0.1869343	-0.4644421	328.9212	337.1616	52.31978
169	0.284587	0.01178909	-0.8267177	1.30674	355.8649	348.7109	0	0	0	0	0	0	0.4846959	-0.2237037	-0.457092	334.151	336.6981	55.18031
170	0.2874237	0.007109241	-0.8265617	1.38897	355.7549	349.0828	0	0	0	0	0	0	0.4835604	-0.2607801	-0.4546067	338.7775	336.0122	55.31766
171	0.2919834	0.004897122	-0.825312	2.331048	355.5963	349.7142	0	0	0	0	0	0	0.4850315	-0.3074659	-0.4587691	343.2586	335.0747	53.94845
172	0.2937897	0.00532739	-0.8234244	2.796568	355.6371	349.9606	0	0	0	0	0	0	0.4891084	-0.3306451	-0.4632083	344.4497	336.3119	54.3551
173	0.2968537	0.007669342	-0.8217054	3.142808	355.554	349.6685	0	0	0	0	0	0	0.4955225	-0.3549575	-0.4704182	344.648	338.0545	51.4765
174	0.2987969	0.009798435	-0.8204568	3.049198	355.6498	349.4793	0	0	0	0	0	0	0.500131	-0.3667101	-0.4751236	345.0437	339.292	47.95055
175	0.2999754	0.01080523	-0.8204122	2.880305	355.7579	349.4941	0	0	0	0	0	0	0.5053529	-0.3758482	-0.4791256	345.9164	340.4587	45.77557
176	0.3003056	0.01008016	-0.8210147	2.804698	356.0162	349.9452	0	0	0	0	0	0	0.5137924	-0.3855561	-0.4836043	346.9549	342.1952	45.92397
177	0.2990373	0.008987703	-0.8206467	2.850142	356.3684	349.9824	0	0	0	0	0	0	0.5192395	-0.3909805	-0.4860787	348.1462	343.0166	45.7688
178	0.2977986	0.007510648	-0.8205743	2.859817	356.826	350.0389	0	0	0	0	0	0	0.5286461	-0.3979811	-0.4890905	348.7995	344.2604	46.54986
179	0.2963804	0.006082323	-0.8203731	2.912816	357.2483	350.4397	0	0	0	0	0	0	0.5367218	-0.4022824	-0.4905537	349.3576	345.5748	46.85322
180	0.2942196	0.004599058	-0.8201016	3.083026	357.5734	351.0044	0	0	0	0	0	0	0.5460302	-0.406316	-0.4918838	349.4852	347.3828	46.05809
181	0.2908181	0.00381462	-0.8196765	3.611	358.0793	351.6283	0	0	0	0	0	0	0.5614632	-0.4140187	-0.4945987	349.8139	350.48	44.45379
182	0.2876869	0.003814456	-0.8191717	4.232444	358.5155	351.8257	0	0	0	0	0	0	0.572503	-0.4214228	-0.4966975	350.7784	353.1306	43.89252
183	0.2828771	0.00499392	-0.8177935	4.765898	359.2767	351.7408	0	0	0	0	0	0	0.5876108	-0.4332474	-0.5016997	352.7903	356.3098	41.77699
184	0.2794278	0.00565355	-0.8172581	4.998363	359.9373	351.6767	0	0	0	0	0	0	0.5963913	-0.4412835	-0.5060862	354.0162	358.1185	42.43213
185	0.2751974	0.005705831	-0.8177243	5.239331	0.6997752	351.6885	0	0	0	0	0	0	0.6049632	-0.4481203	-0.511008	354.9617	0.3910149	42.38548
186	0.2676591	0.005293471	-0.8177031	5.561407	1.855927	351.8471	0	0	0	0	0	0	0.6174988	-0.4565481	-0.5177466	356.3214	4.531293	41.47341
187	0.2622002	0.004337766	-0.8183668	5.617663	2.610561	352.159	0	0	0	0	0	0	0.6243075	-0.4611091	-0.5224236	357.1639	6.826544	39.94873
188	0.2525474	0.002510612	-0.8193288	5.802542	3.770617	352.7149	0	0	0	0	0	0	0.6330943	-0.4662639	-0.5304487	358.1615	9.776227	37.69687
189	0.245438	0.001162601	-0.8193887	5.865729	4.536511	353.1388	0	0	0	0	0	0	0.6388016	-0.4703115	-0.5359792	358.6619	12.10561	39.16192
190	0.237676	-0.000768702	-0.8195813	5.770677	5.359121	353.6556	0	0	0	0	0	0	0.6437876	-0.4749607	-0.542213	359.1478	14.14901	40.74461
191	0.224033	-0.005662623	-0.8199876	5.320688	6.860927	353.9377	0	0	0	0	0	0	0.6515424	-0.4818496	-0.5531009	0.1363529	17.01616	35.37886
192	0.213962	-0.00886448	-0.8201689	5.046996	7.936115	354.0524	0	0	0	0	0	0	0.657487	-0.4872253	-0.5606226	0.5749912	19.26183	34.11969
193	0.1965848	-0.01345918	-0.8189033	4.415054	9.4207	354.8732	0	0	0	0	0	0	0.6670786	-0.4985124	-0.5725048	1.813504	22.97503	36.43954
194	0.1838458	-0.01494105	-0.8173795	4.234283	10.01429	355.756	0	0	0	0	0	0	0.6731604	-0.5060722	-0.5809832	2.773769	25.43209	35.62206
195	0.1714498	-0.01229942	-0.8135205	4.788441	10.54925	357.1714	0	0	0	0	0	0	0.6787668	-0.5117797	-0.5909501	3.143271	28.53177	34.19707
196	0.148937	-0.01207866	-0.8091441	4.9869	11.35575	358.6091	0	0	0	0	0	0	0.6876818	-0.5147006	-0.6070948	4.011495	34.51038	28.32153
197	0.1317679	-0.01182963	-0.8049906	5.136561	11.89052	358.3686	0	0	0	0	0	0	0.6924578	-0.5116495	-0.6143554	4.514723	38.14498	25.10542
198	0.1144651	-0.01179323	-0.7993925	4.556412	12.42373	357.5127	0	0	0	0	0	0	0.6951092	-0.5032182	-0.6187301	4.398003	40.94232	23.73549
199	0.0879159	-0.01258333	-0.7927571	3.622263	13.20235	358.0257	0	0	0	0	0	0	0.6958154	-0.477957	-0.6201614	1.841753	46.04218	22.83117
200	0.06695509	-0.01524398	-0.7873459	3.354928	13.61791	359.2375	0	0	0	0	0	0	0.6921712	-0.4528432	-0.6180936	358.8033	49.24222	19.84087
201	0.03345501	-0.01874153	-0.7776104	3.345409	14.09856	0.6401659	0	0	0	0	0	0	0.6768003	-0.4081173	-0.6127606	353.2137	52.31006	16.94888
202	0.00983429	-0.01994865	-0.7706559	3.681963	14.50495	1.358198	0	0	0	0	0	0	0.6534768	-0.3750946	-0.6036833	348.5279	50.31946	20.28534
203	-0.0151062	-0.0204334	-0.762592	3.70078	15.09629	1.808805	0	0	0	0	0	0	0.6198337	-0.343785	-0.5907802	343.7857	44.16233	25.12584
204	-0.05518591	-0.02097823	-0.7502447	3.528532	16.38484	1.965389	0	0	0	0	0	0	0.5592812	-0.302127	-0.5683771	338.2799	37.87733	36.11483
205	-0.08313465	-0.02107843	-0.7427273	3.369238	17.2647	1.941323	0	0	0	0	0	0	0.5104647	-0.2782685	-0.5505775	335.614	32.51376	40.29215
206	-0.1233616	-0.01792913	-0.7318551	3.451777	18.58399	2.540351	0	0	0	0	0	0	0.4295615	-0.2454578	-0.5243755	331.9758	24.11852	43.41255
207	-0.1502453	-0.01463393	-0.7246718	3.447318	19.51978	3.65015	0	0	0	0	0	0	0.3713595	-0.223101	-0.5102416	327.9532	18.4586	49.11742
208	-0.177735	-0.01147622	-0.7161794	3.370919	20.00914	4.65791	0	0	0	0	0	0	0.3140115	-0.201395	-0.4971156	325.3845	12.89343	51.7462
209	-0.2140592	-0.007118836	-0.7076884	3.035817	20.38762	5.731923	0	0	0	0	0	0	0.2292066	-0.1700763	-0.4788275	323.5179	2.325477	57.14761
210	-0.2384015	-0.005819148	-0.7012001	2.698689	21.008	6.398572	0	0	0	0	0	0	0.1763496	-0.1502202	-0.4686198	322.1788	356.3002	62.93522
211	-0.2726701	-0.005820868	-0.6912253	1.865927	21.70942	6.459947	0	0	0	0	0	0	0.1037322	-0.1250178	-0.4540809	320.9492	348.8026	69.74194
212	-0.2931041	-0.004989311	-0.6851521	1.668262	21.90136	6.920349	0	0	0	0	0	0	0.05899429	-0.1114506	-0.4463027	320.2174	343.9263	72.1838
213	-0.3133608	-0.004896999	-0.6786044	1.857466	22.06584	7.625906	0	0	0	0	0	0	0.01788199	-0.1006462	-0.4392394	319.9601	339.7949	74.0763
214	-0.3412355	-0.004053617	-0.6674557	2.101994	21.94641	8.501812	0	0	0	0	0	0	-0.03699923	-0.0891692	-0.4290368	319.9399	334.4537	77.5183
215	-0.358292	-0.004421386	-0.6606727	2.206075	21.59538	8.994285	0	0	0	0	0	0	-0.06845772	-0.08429448	-0.4216574	320.6409	331.5451	79.18988
216	-0.3811604	-0.006367613	-0.6506284	2.680174	21.07257	9.42876	0	0	0	0	0	0	-0.1076125	-0.07987784	-0.4093302	321.6693	327.9787	81.66396
217	-0.394811	-0.00733305	-0.6433939	2.880504	20.6699	9.623042	0	0	0	0	0	0	-0.129539	-0.07819075	-0.4006544	322.4234	326.3995	82.19142
218	-0.4072293	-0.00794671	-0.6373236	3.127022	20.43094	9.927129	0	0	0	0	0	0	-0.1491637	-0.077111	-0.3920158	322.8493	325.0217	82.7521
219	-0.4235111	-0.009253273	-0.6265079	3.339942	20.47558	10.57883	0	0	0	0	0	0	-0.1744087	-0.07674368	-0.3790138	324.0329	323.821	82.3618
220	-0.4328758	-0.01021522	-0.6190907	3.021406	20.3667	10.60523	0	0	0	0	0	0	-0.1895689	-0.07794261	-0.3704166	325.3051	322.7167	83.4604
221	-0.4448797	-0.01005617	-0.607497	1.73275	19.88891	10.67643	0	0	0	0	0	0	-0.209143	-0.08037574	-0.357598	326.6109	321.3331	85.36841
222	-0.4523863	-0.01096879	-0.5988236	0.2742553	19.37786	10.68582	0	0	0	0	0	0	-0.219988	-0.08142388	-0.3492377	327.0689	320.5543	85.91233
223	-0.460061	-0.01236695	-0.5916769	358.8979	18.76846	10.216	0	0	0	0	0	0	-0.2286876	-0.08235054	-0.3405144	327.7808	320.2141	86.22169
224	-0.4692248	-0.01030331	-0.5805468	357.0261	17.36597	9.016129	0	0	0	0	0	0	-0.2386013	-0.08224931	-0.3272765	328.2772	319.664	87.14232
225	-0.4726652	-0.007110507	-0.5708932	355.1844	16.06674	8.822004	0	0	0	0	0	0	-0.2432259	-0.08055951	-0.3183237	327.8848	319.5809	87.06548
226	-0.4765872	-0.004695541	-0.5618072	351.5438	13.65749	10.38898	0	0	0	0	0	0	-0.2478179	-0.07757309	-0.3041558	327.559	319.6506	87.2048
227	-0.479272	-0.00549994	-0.5555527	350.4822	13.15588	11.17755	0	0	0	0	0	0	-0.249473	-0.07518593	-0.2947952	327.2375	319.8286	87.24199
228	-0.481656	-0.006538354	-0.5477927	349.7919	12.98553	11.07673	0	0	0	0	0	0	-0.2502538	-0.07242952	-0.285556	326.5485	320.1461	86.84599
229	-0.4822811	-0.00764691	-0.5352202	349.4064	13.11561	9.839245	0	0	0	0	0	0	-0.2504319	-0.06954928	-0.2719973	326.1055	320.4808	85.91402
230	-0.4811391	-0.007038658	-0.5275226	349.154	13.42829	9.557051	0	0	0	0	0	0	-0.2504119	-0.06852353	-0.2631583	325.8672	320.365	85.74833
231	-0.4798061	-0.007904304	-0.5128368	348.9325	13.23596	10.22319	0	0	0	0	0	0	-0.2507972	-0.06836259	-0.2499126	325.6746	319.4622	86.10683
232	-0.4776241	-0.01034735	-0.5035328	348.9342	12.96529	10.65469	0	0	0	0	0	0	-0.2512835	-0.06860562	-0.2411106	325.2767	318.8303	85.95321
233	-0.474831	-0.01271429	-0.4930043	349.1446	12.71042	10.84514	0	0	0	0	0	0	-0.2517768	-0.06939314	-0.2321593	324.9116	318.2583	84.90393
234	-0.4697269	-0.01567968	-0.4748806	349.3099	12.48224	11.3733	0	0	0	0	0	0	-0.2535194	-0.07346994	-0.2175804	325.2261	317.0638	84.38808
235	-0.4655839	-0.01882205	-0.4630249	349.6435	12.41593	11.6872	0	0	0	0	0	0	-0.2564348	-0.07832745	-0.207116	325.7072	315.2261	86.75017
236	-0.4602572	-0.02053833	-0.4502622	350.214	12.59654	12.13207	0	0	0	0	0	0	-0.2593933	-0.08413375	-0.1950944	326.6143	314.0364	87.57763
237	-0.4520708	-0.02437599	-0.4274939	350.6694	12.94761	13.22659	0	0	0	0	0	0	-0.2629846	-0.09310134	-0.1754011	327.732	311.9537	88.56908
238	-0.4457008	-0.0281467	-0.4125286	350.7868	12.96422	13.3835	0	0	0	0	0	0	-0.2641631	-0.09811845	-0.1610379	327.8064	310.85	89.43815
239	-0.4339479	-0.03055549	-0.3903733	352.2597	13.534	13.44932	0	0	0	0	0	0	-0.2634014	-0.1052885	-0.1364253	329.2585	309.6506	89.29545
240	-0.4266452	-0.02987326	-0.3727886	353.6342	14.30214	13.72216	0	0	0	0	0	0	-0.2604119	-0.1080597	-0.1189876	329.5748	309.1962	89.31013
241	-0.4195415	-0.03024286	-0.355465	354.6247	14.99927	13.75869	0	0	0	0	0	0	-0.2556437	-0.1088593	-0.1004531	329.012	309.4988	89.17596
242	-0.4082845	-0.02770826	-0.330631	356.5523	16.59329	13.74066	0	0	0	0	0	0	-0.2471102	-0.1095587	-0.07098234	329.1341	309.9788	90.69527
243	-0.4018446	-0.02714665	-0.3117332	357.6718	17.92495	14.48818	0	0	0	0	0	0	-0.2406391	-0.1094281	-0.0508334	329.4471	310.5515	91.03963
244	-0.3941156	-0.02990709	-0.2837489	357.965	18.93538	14.75384	0	0	0	0	0	0	-0.2312132	-0.1079318	-0.02207148	328.3209	311.0197	89.05013
245	-0.3881513	-0.03284484	-0.2654312	358.2863	19.30225	14.91112	0	0	0	0	0	0	-0.2257141	-0.1092024	-0.00235343	328.7484	311.3745	88.91855
246	-0.3833369	-0.03519974	-0.2470167	358.9374	19.61259	15.12381	0	0	0	0	0	0	-0.2196714	-0.112905	0.01782811	329.5581	311.8373	90.80361
247	-0.3780535	-0.03656547	-0.2181837	0.960266	20.70722	15.63128	0	0	0	0	0	0	-0.2087141	-0.1194175	0.04851478	328.9408	314.4636	90.4504
248	-0.3752936	-0.03780282	-0.1979419	1.942192	21.87066	15.65789	0	0	0	0	0	0	-0.2021636	-0.1240141	0.0677793	328.1722	316.4282	86.64626
249	-0.372707	-0.03992117	-0.1670423	2.853684	23.93412	15.38023	0	0	0	0	0	0	-0.1938766	-0.1343055	0.09770226	330.5603	317.9019	86.57617
250	-0.3715719	-0.04275048	-0.1455463	3.076755	25.30014	15.10373	0	0	0	0	0	0	-0.1870674	-0.1412243	0.1196108	332.1685	319.0493	89.9659
251	-0.3706323	-0.04526693	-0.1250524	3.574367	26.63917	15.13694	0	0	0	0	0	0	-0.1790737	-0.1467098	0.1420912	332.8286	320.881	91.32315
252	-0.3696307	-0.04847357	-0.09154028	4.020358	28.83665	15.6394	0	0	0	0	0	0	-0.1663034	-0.1535998	0.1750289	333.4407	323.7195	90.49923
253	-0.3698548	-0.05144593	-0.06915981	4.24393	30.65124	16.16897	0	0	0	0	0	0	-0.156619	-0.1573076	0.1966373	333.4608	325.8816	91.10432
254	-0.370787	-0.0556561	-0.03410232	4.94178	33.83773	16.63769	0	0	0	0	0	0	-0.1405587	-0.1620929	0.2280707	333.0718	329.7505	92.00801
255	-0.3711559	-0.05824049	-0.009887159	5.005796	36.17049	16.48446	0	0	0	0	0	0	-0.1290542	-0.1650624	0.2476084	332.7785	332.9341	90.56675
256	-0.3720266	-0.06060393	0.01243913	4.923214	38.66354	15.97061	0	0	0	0	0	0	-0.1165709	-0.168249	0.2656976	332.7454	336.3217	89.07862
257	-0.3731548	-0.06235857	0.04519141	5.152658	43.41193	14.88967	0	0	0	0	0	0	-0.09540498	-0.1735329	0.2890903	333.1632	341.3317	90.99788
258	-0.3730117	-0.06176114	0.06762737	5.056529	46.92275	14.048	0	0	0	0	0	0	-0.0800581	-0.1758342	0.3013444	333.3889	345.2119	90.70673
259	-0.373448	-0.05757763	0.09789914	5.790343	52.39573	13.55741	0	0	0	0	0	0	-0.05596566	-0.1745835	0.31533	332.3154	351.8885	86.50819
260	-0.3734251	-0.05223348	0.1197887	7.155768	56.41132	14.05486	0	0	0	0	0	0	-0.03902984	-0.1716696	0.3220915	330.9432	356.7207	83.89453
261	-0.3745745	-0.04760765	0.1423048	8.271959	60.30759	13.97786	0	0	0	0	0	0	-0.0213449	-0.1679372	0.3265853	329.5081	2.917814	79.07962
262	-0.3714427	-0.04063786	0.1737678	8.588346	65.07309	13.30599	0	0	0	0	0	0	0.003154635	-0.1625989	0.3311525	327.8278	12.22128	69.09611
263	-0.3687981	-0.03944224	0.190623	8.015272	67.57047	13.02277	0	0	0	0	0	0	0.01814389	-0.1605278	0.3324438	327.3768	16.81662	65.03207
264	-0.366099	-0.03958778	0.2065875	7.510818	70.25672	12.47925	0	0	0	0	0	0	0.03322697	-0.1595152	0.3322334	327.1983	21.74235	62.11094
265	-0.3600675	-0.03817876	0.2285178	7.424641	74.754	11.89464	0	0	0	0	0	0	0.05405056	-0.1583228	0.327384	325.8851	30.77938	53.90503
266	-0.356037	-0.03681926	0.2425153	7.907835	78.14204	12.27833	0	0	0	0	0	0	0.06592607	-0.1601946	0.3221359	326.1636	35.69647	49.53197
267	-0.3470939	-0.03643455	0.2646328	8.451735	82.80772	12.56487	0	0	0	0	0	0	0.08135712	-0.1665109	0.3145062	328.0651	39.36334	48.76494
268	-0.3403722	-0.03565886	0.277577	8.55953	85.58764	12.46533	0	0	0	0	0	0	0.09214985	-0.1699861	0.3083844	328.1542	42.4843	49.1764
269	-0.3328184	-0.03520761	0.2901635	8.609859	88.30643	12.62322	0	0	0	0	0	0	0.1036018	-0.1731904	0.3021026	328.9246	46.03854	46.50237
270	-0.3201107	-0.03683449	0.3077892	8.61327	91.56874	12.76064	0	0	0	0	0	0	0.1205174	-0.177411	0.2917995	330.2789	51.01509	41.83727
271	-0.311956	-0.03734576	0.317618	8.736897	93.43545	12.71653	0	0	0	0	0	0	0.1313294	-0.1797179	0.2837607	330.4244	54.34944	40.26395
272	-0.2979411	-0.03708405	0.3309844	8.924055	96.31003	12.98926	0	0	0	0	0	0	0.1462077	-0.1831448	0.2710224	331.1002	58.37347	38.02319
273	-0.2884992	-0.03737072	0.3395906	9.077029	97.87615	13.14015	0	0	0	0	0	0	0.155269	-0.1845853	0.2621694	331.6266	61.18045	34.90203
274	-0.2791399	-0.03765423	0.347561	9.308641	99.3536	13.09655	0	0	0	0	0	0	0.1638337	-0.1860515	0.2536297	332.0735	63.41632	33.43899
275	-0.2633826	-0.03862188	0.3587078	9.301767	102.2553	12.79913	0	0	0	0	0	0	0.1766185	-0.1886876	0.2413121	332.2298	66.26722	33.00589
276	-0.2515126	-0.03892913	0.3659481	9.246065	104.1152	12.60337	0	0	0	0	0	0	0.1859819	-0.1905663	0.2339581	332.4853	67.90965	32.89063
277	-0.23111	-0.03925078	0.3768639	9.069249	106.3126	12.68502	0	0	0	0	0	0	0.2010969	-0.1926357	0.2236554	332.5193	70.21113	33.26616
278	-0.2167314	-0.04043185	0.3841473	8.654433	107.6068	12.58338	0	0	0	0	0	0	0.2118579	-0.1932644	0.2158351	332.3547	72.71073	32.15406
279	-0.2029334	-0.04151946	0.3901814	8.130022	108.9078	12.33318	0	0	0	0	0	0	0.2226063	-0.1933652	0.2089317	332.2543	74.77257	30.91195
280	-0.1827763	-0.04442877	0.398827	7.325717	111.146	11.84962	0	0	0	0	0	0	0.2378287	-0.1919431	0.1999421	331.8443	76.85829	29.9018
281	-0.1690242	-0.04669552	0.4038632	6.710014	112.7847	11.41253	0	0	0	0	0	0	0.2478635	-0.1898528	0.1942639	331.383	77.96078	30.03221
282	-0.1484045	-0.05042364	0.4112726	5.530881	115.1484	10.48975	0	0	0	0	0	0	0.2625394	-0.1847815	0.1855167	329.6545	79.78481	31.21507
283	-0.1344954	-0.04996031	0.415846	5.355093	116.8091	10.06712	0	0	0	0	0	0	0.2719327	-0.1809534	0.1793373	328.7902	81.12505	30.51084
284	-0.1189178	-0.04743363	0.4208668	6.072296	118.6448	10.67504	0	0	0	0	0	0	0.2806507	-0.178098	0.1710782	328.4823	83.83423	28.44237
285	-0.09510767	-0.0476914	0.4291807	6.020638	120.772	11.04249	0	0	0	0	0	0	0.2914618	-0.1753768	0.1571009	327.727	89.03644	25.25202
286	-0.0800786	-0.04754948	0.4347638	5.768825	122.618	10.41909	0	0	0	0	0	0	0.2978125	-0.1751768	0.149808	328.0253	91.19552	24.08043
287	-0.05889118	-0.04574693	0.4405916	5.87464	125.0862	10.42803	0	0	0	0	0	0	0.3062471	-0.1775001	0.140841	329.1742	93.26173	24.59408
288	-0.04581439	-0.0453	0.44527	6.299717	127.2466	10.96753	0	0	0	0	0	0	0.3104775	-0.1795486	0.1351231	329.9267	94.70168	25.32225
289	-0.03160036	-0.04610149	0.4498681	6.734021	129.6696	11.25848	0	0	0	0	0	0	0.3131149	-0.181239	0.1289808	330.5217	96.24966	25.11443
290	-0.009908319	-0.04384406	0.4547932	6.970948	132.8978	11.51688	0	0	0	0	0	0	0.3155376	-0.1840163	0.119027	331.5311	97.53507	27.393
291	0.004045725	-0.04301567	0.4581982	6.826931	135.0567	11.94605	0	0	0	0	0	0	0.3164029	-0.1854578	0.1105902	331.6369	99.18809	29.29238
292	0.02528322	-0.04287008	0.4619095	6.587768	138.4112	12.18339	0	0	0	0	0	0	0.3166282	-0.1870549	0.0942021	332.1067	103.4091	28.04722
293	0.03913701	-0.04251289	0.4641271	6.598111	140.5475	12.2274	0	0	0	0	0	0	0.3162948	-0.1884575	0.08338809	332.5874	105.6834	27.82221
294	0.05258107	-0.04163987	0.4655821	6.768207	142.6677	12.51675	0	0	0	0	0	0	0.3151171	-0.1898126	0.07281405	332.8477	107.7217	28.38867
295	0.07291806	-0.0416854	0.4677559	7.045723	145.8778	13.04623	0	0	0	0	0	0	0.3122157	-0.1913744	0.0558157	333.1414	111.9615	27.91386
296	0.08742118	-0.0410281	0.4693243	7.186236	147.8085	12.86565	0	0	0	0	0	0	0.3104833	-0.1921283	0.04515827	333.7375	114.3491	26.91958
297	0.1083676	-0.03832227	0.4698843	6.718327	150.0425	12.27445	0	0	0	0	0	0	0.3082669	-0.1917571	0.03118742	334.0566	116.9242	27.4954
298	0.1209075	-0.03774229	0.4698196	5.975684	151.4984	12.40543	0	0	0	0	0	0	0.3067657	-0.1901064	0.02247363	333.6125	118.7383	28.6396
299	0.1337334	-0.03863046	0.4701459	5.390794	153.0005	12.46679	0	0	0	0	0	0	0.3050859	-0.1878833	0.01370025	333.2127	121.0425	28.49169
300	0.1532263	-0.03801127	0.4688898	5.2067	155.2211	11.81035	0	0	0	0	0	0	0.3020632	-0.1847249	0.001111448	332.6695	124.6215	27.32257
301	0.1657906	-0.03572086	0.4673782	5.485957	156.9977	11.71452	0	0	0	0	0	0	0.2996669	-0.1836367	-0.006658852	332.4271	127.2137	26.59282
302	0.1789414	-0.03469928	0.4661843	5.704547	158.8102	11.58904	0	0	0	0	0	0	0.2976902	-0.1833971	-0.01366168	332.4128	129.7578	25.03589
303	0.200783	-0.03094718	0.4615585	5.854915	160.9247	11.00272	0	0	0	0	0	0	0.2982967	-0.184959	-0.02286714	333.1032	131.5339	25.22679
304	0.2135888	-0.02990864	0.4579351	5.38241	161.873	10.95481	0	0	0	0	0	0	0.2992724	-0.1866067	-0.02946347	333.5349	132.5275	26.5237
305	0.2320266	-0.03106124	0.4518931	5.323921	163.338	11.05703	0	0	0	0	0	0	0.2991152	-0.1881093	-0.03990525	333.4053	135.6187	25.99444
306	0.24323	-0.03376574	0.446973	5.516111	164.3612	10.67922	0	0	0	0	0	0	0.2978828	-0.1890634	-0.04589522	333.0712	137.4473	25.45024
307	0.2538784	-0.03626371	0.4413489	5.756249	165.6841	10.03802	0	0	0	0	0	0	0.2962384	-0.190956	-0.05130005	332.6481	139.1336	25.36114
308	0.2703637	-0.03723095	0.4316618	6.438265	168.313	9.18147	0	0	0	0	0	0	0.2926282	-0.1962556	-0.05990016	332.6671	141.9317	24.39557
309	0.2807823	-0.03525072	0.4234262	7.079041	170.0295	9.321275	0	0	0	0	0	0	0.2902195	-0.2006952	-0.06627482	333.3163	143.3995	23.4851
310	0.2981609	-0.0342312	0.4090655	7.113665	172.2945	10.17196	0	0	0	0	0	0	0.287478	-0.2059568	-0.07824868	333.7914	145.2853	24.00403
311	0.3086327	-0.03456505	0.398843	7.101954	173.4987	10.48581	0	0	0	0	0	0	0.2855791	-0.2088358	-0.08827454	334.3982	146.5833	24.39867
312	0.3181428	-0.03596843	0.3879211	7.227351	174.4816	10.32655	0	0	0	0	0	0	0.2832105	-0.2110298	-0.09901518	334.892	148.0968	24.33127
313	0.3319337	-0.0373562	0.3694065	7.435142	176.1996	9.505695	0	0	0	0	0	0	0.2786297	-0.2134981	-0.1149344	335.0955	150.5463	24.33498
314	0.3402367	-0.03721524	0.3559645	7.570989	177.505	9.232288	0	0	0	0	0	0	0.275241	-0.2147574	-0.1255165	334.946	152.0434	24.0639
315	0.3531951	-0.03731438	0.3330273	7.570619	179.3392	9.8743	0	0	0	0	0	0	0.2718395	-0.2177396	-0.1423559	335.1793	153.4577	23.78392
316	0.361317	-0.03885086	0.3172108	7.456976	180.1292	10.29235	0	0	0	0	0	0	0.2699927	-0.2206136	-0.1550227	335.512	154.2154	24.22945
317	0.3687263	-0.04017263	0.3005122	7.687545	180.9932	10.49281	0	0	0	0	0	0	0.2676563	-0.2234312	-0.1691828	335.5756	155.386	24.36794
318	0.3786004	-0.04151836	0.2727833	7.695485	182.1581	10.53996	0	0	0	0	0	0	0.2643808	-0.2280045	-0.1930374	336.0737	156.7522	24.20279
319	0.3833761	-0.04193902	0.2547957	7.493278	182.7881	10.4618	0	0	0	0	0	0	0.2623906	-0.2309188	-0.2099388	336.3905	157.3103	24.67679
320	0.3885742	-0.04385126	0.2264193	7.438098	183.783	10.10635	0	0	0	0	0	0	0.2576412	-0.2333664	-0.2373856	336.0009	158.9072	24.2637
321	0.3914536	-0.04609056	0.207443	7.053908	184.5705	9.701237	0	0	0	0	0	0	0.2539951	-0.234083	-0.2561292	335.6601	159.9064	24.0245
322	0.3940662	-0.04727444	0.1887016	6.632228	185.4932	9.052705	0	0	0	0	0	0	0.2505473	-0.2341758	-0.2753927	335.3225	160.5101	23.93953
323	0.3986628	-0.04505711	0.1583087	6.553638	187.2879	8.556864	0	0	0	0	0	0	0.2441022	-0.2336837	-0.3045053	334.538	162.041	23.93159
324	0.4015745	-0.04256083	0.137483	6.367042	188.1338	8.587593	0	0	0	0	0	0	0.238485	-0.2334817	-0.3238204	334.442	164.011	22.87689
325	0.4059978	-0.04042852	0.1093394	5.858046	189.4385	8.679902	0	0	0	0	0	0	0.2313253	-0.2327745	-0.3512961	335.0412	165.6441	21.96075
326	0.4093708	-0.03987069	0.09007317	5.324141	190.6808	8.408335	0	0	0	0	0	0	0.227464	-0.2305418	-0.3682042	335.094	165.5444	23.46229
327	0.4133109	-0.03874069	0.07012492	4.816461	191.8537	8.184669	0	0	0	0	0	0	0.2218974	-0.2268647	-0.3838063	334.5844	166.2679	24.55404
328	0.4192393	-0.03609908	0.04138106	4.933623	193.0427	8.694615	0	0	0	0	0	0	0.2116351	-0.2224531	-0.405023	334.153	168.9603	23.42542
329	0.4230938	-0.03506412	0.02290368	5.434831	193.9496	8.989157	0	0	0	0	0	0	0.2051114	-0.2213006	-0.417197	334.2232	170.7476	22.42565
330	0.4289031	-0.03282187	-0.004386425	5.835847	196.0543	8.877348	0	0	0	0	0	0	0.197181	-0.2217238	-0.433174	334.6627	172.4835	22.62233
331	0.4330212	-0.03195791	-0.02173859	5.932914	197.931	8.774799	0	0	0	0	0	0	0.1920806	-0.2219363	-0.4433337	334.7903	173.0932	23.47574
332	0.4384725	-0.03221109	-0.04037929	6.060614	199.753	8.791586	0	0	0	0	0	0	0.1859947	-0.2219679	-0.4540791	334.8803	174.1389	23.83368
333	0.4482442	-0.0336688	-0.06842786	6.135591	201.6041	8.847571	0	0	0	0	0	0	0.1759598	-0.2224586	-0.4711486	334.8754	176.4465	24.43015
334	0.4554368	-0.0343213	-0.0871231	6.285838	202.7989	8.982658	0	0	0	0	0	0	0.1689253	-0.2236113	-0.4825643	334.9111	178.4092	24.13857
335	0.4625217	-0.03516219	-0.1068673	6.311862	204.0865	9.171579	0	0	0	0	0	0	0.1619558	-0.2255505	-0.4935505	334.9579	180.6712	23.37337
336	0.4732561	-0.03695108	-0.1362393	6.326034	206.247	9.50424	0	0	0	0	0	0	0.1532948	-0.2306711	-0.5091825	335.569	183.5056	23.15879
337	0.480376	-0.03894852	-0.1563477	6.254397	207.9715	9.814518	0	0	0	0	0	0	0.1481816	-0.234811	-0.5187503	336.0274	185.0016	23.60204
338	0.4915102	-0.04268368	-0.1856772	6.155274	210.8805	10.14575	0	0	0	0	0	0	0.1402916	-0.2413267	-0.5318704	336.5546	187.657	24.02591
339	0.4994913	-0.04399778	-0.2056159	6.170898	213.0417	10.23502	0	0	0	0	0	0	0.1350414	-0.2461531	-0.5398714	337.2001	189.4599	24.30199
340	0.5071181	-0.0452439	-0.2248947	6.097649	215.2053	10.35081	0	0	0	0	0	0	0.1295325	-0.2506422	-0.5464159	337.7183	191.4087	24.7599
341	0.5189003	-0.04575292	-0.2537292	6.487473	218.7562	10.5435	0	0	0	0	0	0	0.1201349	-0.2563739	-0.5534846	338.0564	194.9237	25.03176
342	0.5269729	-0.04227137	-0.2750928	7.443503	221.4239	10.92405	0	0	0	0	0	0	0.1125603	-0.260193	-0.5565129	338.6271	198.0078	24.54262
343	0.5366039	-0.03707729	-0.3073583	8.336613	224.4006	10.94318	0	0	0	0	0	0	0.09979761	-0.2661439	-0.5595239	340.1051	203.1228	22.04921
344	0.5409544	-0.03336636	-0.3257537	8.747407	226.3598	10.69628	0	0	0	0	0	0	0.09168446	-0.269768	-0.5609389	341.169	205.7251	22.01179
345	0.544242	-0.03148197	-0.3431054	8.921407	228.9481	10.67071	0	0	0	0	0	0	0.08311236	-0.2728841	-0.5605618	342.0173	208.7808	21.44408
346	0.5486294	-0.03241109	-0.3697683	9.115627	233.1187	10.10047	0	0	0	0	0	0	0.07071531	-0.2754709	-0.5570342	342.737	213.445	19.48927
347	0.548779	-0.03164669	-0.3860019	9.402093	235.7072	9.591111	0	0	0	0	0	0	0.06360245	-0.2764987	-0.5529748	342.9933	216.2613	18.35392
348	0.5469612	-0.03002863	-0.4089532	9.962979	240.1152	9.577055	0	0	0	0	0	0	0.05398011	-0.2777634	-0.5435324	343.1696	220.4616	16.52173
349	0.5445886	-0.02848604	-0.4235997	10.59932	243.0649	9.904453	0	0	0	0	0	0	0.04815018	-0.2784385	-0.5358877	343.3973	223.1409	14.66461
350	0.5415452	-0.02770204	-0.4378079	11.34586	245.7014	10.29355	0	0	0	0	0	0	0.04216814	-0.2794882	-0.5283702	344.0045	225.4004	13.81735
351	0.5354719	-0.02647427	-0.4579912	12.29236	249.4089	10.70427	0	0	0	0	0	0	0.03252661	-0.2807576	-0.5168174	344.6404	228.3412	14.42431
352	0.5302749	-0.02681586	-0.4710737	12.52896	251.7049	10.56276	0	0	0	0	0	0	0.02536607	-0.2810426	-0.507539	344.807	230.9697	14.23634
353	0.5209492	-0.02529885	-0.4887921	12.43597	254.8287	10.07835	0	0	0	0	0	0	0.01433206	-0.2805918	-0.4919809	345.0802	235.0141	12.59881
354	0.5138905	-0.02536153	-0.4992886	12.09424	256.9802	10.24649	0	0	0	0	0	0	0.007555008	-0.2796608	-0.4801312	344.8392	237.4422	11.41647
355	0.5071553	-0.02738117	-0.5093822	11.80081	259.0255	10.39393	0	0	0	0	0	0	0.0009540319	-0.2790223	-0.4676092	344.462	239.9978	10.95708
356	0.4949367	-0.02879859	-0.5235944	11.60285	262.0275	10.13293	0	0	0	0	0	0	-0.009392858	-0.2785889	-0.4479635	343.684	243.9825	9.125327
357	0.4854987	-0.03055614	-0.5311804	11.10717	263.6793	10.12144	0	0	0	0	0	0	-0.01646578	-0.2789434	-0.4348488	343.7562	246.3787	7.882254
358	0.4736937	-0.03419217	-0.5384656	10.29508	265.8438	9.669516	0	0	0	0	0	0	-0.02633488	-0.2785478	-0.4143115	342.9369	250.2711	5.96946
359	0.465914	-0.03655912	-0.5419901	9.951735	267.5627	9.073895	0	0	0	0	0	0	-0.03184807	-0.2774715	-0.3998769	341.9087	252.7574	4.208092
360	0.4571888	-0.03723456	-0.5458232	9.81384	269.6438	8.211076	0	0	0	0	0	0	-0.03609347	-0.2768861	-0.3849444	341.0208	255.1661	2.156631
361	0.4434056	-0.03339472	-0.5523533	9.595417	273.2451	6.911654	0	0	0	0	0	0	-0.0411588	-0.2779615	-0.3610049	340.2609	259.7737	358.6329
362	0.4340286	-0.03041908	-0.5561969	9.625944	275.5615	6.779068	0	0	0	0	0	0	-0.04388189	-0.2798143	-0.3448461	340.7174	262.9189	356.576
363	0.4230351	-0.0333527	-0.5621582	8.627316	278.5376	5.924509	0	0	0	0	0	0	-0.04538655	-0.2813539	-0.3220056	340.8733	266.1933	355.1655
364	0.4155108	-0.03369172	-0.5670148	8.354234	281.1072	4.616436	0	0	0	0	0	0	-0.04511988	-0.2813164	-0.3070366	340.5899	268.3269	354.1292
365	0.4069074	-0.03014719	-0.5702668	8.644525	283.5372	4.40892	0	0	0	0	0	0	-0.0436691	-0.2818976	-0.2911816	340.6604	270.9748	352.4698
366	0.3957552	-0.02712603	-0.5770085	9.638548	286.9554	5.936523	0	0	0	0	0	0	-0.03625572	-0.284476	-0.2666073	341.4571	276.1031	349.9579
367	0.3888251	-0.02667371	-0.5814649	9.831021	289.4407	5.927517	0	0	0	0	0	0	-0.02721572	-0.2859081	-0.2514759	341.8417	278.9509	347.6882
368	0.3835169	-0.02484127	-0.5854648	9.75837	292.2456	5.263673	0	0	0	0	0	0	-0.01637661	-0.2859432	-0.2376522	341.9154	281.0584	345.8048
369	0.374231	-0.02213104	-0.5934539	9.996203	296.8659	4.466501	0	0	0	0	0	0	0.002105236	-0.28384	-0.2185401	341.3889	284.4932	345.7072
370	0.3679138	-0.02106552	-0.5991877	9.840175	299.4599	4.121123	0	0	0	0	0	0	0.01598525	-0.281599	-0.2064632	340.852	287.4703	346.5182
371	0.3602469	-0.02100449	-0.6092443	9.434857	303.4964	3.467859	0	0	0	0	0	0	0.03952456	-0.2774397	-0.1907461	340.4325	292.1726	345.1652
372	0.3552792	-0.02069281	-0.6162956	9.133054	306.5909	3.060176	0	0	0	0	0	0	0.05700004	-0.2739572	-0.1825324	340.1811	295.1087	343.0607
373	0.3506044	-0.02082221	-0.624348	8.849833	309.8953	2.904973	0	0	0	0	0	0	0.07569325	-0.2691586	-0.1771743	339.0411	297.8366	343.2895
374	0.3439296	-0.02213367	-0.6388451	8.45981	314.6329	2.664368	0	0	0	0	0	0	0.1054127	-0.2604434	-0.1734532	337.2545	301.766	343.846
375	0.3391159	-0.02240968	-0.6495848	8.198558	317.6461	2.418113	0	0	0	0	0	0	0.125769	-0.2535388	-0.1739725	336.4506	304.5608	343.2933
376	0.3314495	-0.02133731	-0.6664093	7.547567	321.8078	2.105824	0	0	0	0	0	0	0.1569653	-0.2404148	-0.1794204	334.1367	307.8855	341.7868
377	0.3269005	-0.02008611	-0.6785207	7.368289	324.4455	2.081057	0	0	0	0	0	0	0.1785243	-0.2299502	-0.1868789	332.2723	309.9947	341.1985
378	0.3215052	-0.01831126	-0.690748	7.418495	326.9379	2.205709	0	0	0	0	0	0	0.1996604	-0.219272	-0.1956848	330.5355	312.7263	340.3897
379	0.3116556	-0.01533605	-0.7086802	7.216585	329.7031	1.835604	0	0	0	0	0	0	0.2290337	-0.2022735	-0.2129512	326.8977	315.6678	338.7262
380	0.3063757	-0.0114265	-0.7201043	6.84198	331.0239	1.664217	0	0	0	0	0	0	0.2472414	-0.191834	-0.2258707	324.6725	318.0603	338.5737
381	0.2995061	-0.007897205	-0.737855	5.749006	332.9511	1.41215	0	0	0	0	0	0	0.2698081	-0.1782765	-0.2446286	323.7555	321.9926	336.8275
382	0.2959286	-0.005921747	-0.7487429	4.930841	334.0823	1.29592	0	0	0	0	0	0	0.2822958	-0.1685019	-0.258118	322.3184	322.7164	336.0608
383	0.2922415	-0.00414906	-0.7590954	3.98104	334.9836	1.449855	0	0	0	0	0	0	0.293684	-0.1588696	-0.2711461	320.6497	323.8948	336.4926
384	0.2867024	-0.002641268	-0.7733731	2.702878	336.0704	1.90099	0	0	0	0	0	0	0.3077543	-0.1454845	-0.2897305	318.4172	325.3439	337.8146
385	0.2831584	-0.002183198	-0.7830086	2.226752	336.5547	1.832852	0	0	0	0	0	0	0.3155458	-0.1381174	-0.3016304	317.2352	325.949	337.7222
386	0.2786027	0.0003275396	-0.7940109	1.77191	337.111	1.395927	0	0	0	0	0	0	0.3248206	-0.1292539	-0.3176011	316.3068	327.6528	336.716
387	0.2772216	0.002512482	-0.8003785	1.327217	337.5764	1.780115	0	0	0	0	0	0	0.3286927	-0.1243422	-0.3270047	315.6503	327.9354	336.763
388	0.2750853	0.00231439	-0.8062959	0.9449357	338.0789	2.084733	0	0	0	0	0	0	0.3318285	-0.1198158	-0.3352409	314.7756	328.0063	337.6039
389	0.2734782	0.002267991	-0.813691	0.6805403	338.7163	1.908913	0	0	0	0	0	0	0.3341075	-0.1148366	-0.3437771	314.2523	328.1653	338.7062
390	0.2728133	0.003240109	-0.8174579	0.6702635	339.2594	1.959729	0	0	0	0	0	0	0.3348496	-0.1131549	-0.3465856	314.4644	329.0891	339.1438
391	0.2713534	0.004313284	-0.8220851	0.4613656	339.9843	1.918161	0	0	0	0	0	0	0.3364729	-0.1113578	-0.3493069	314.8511	329.7057	337.3407
392	0.2709479	0.004888476	-0.8244612	0.1792529	340.3008	1.833783	0	0	0	0	0	0	0.3378762	-0.1102795	-0.3507522	314.9532	330.4959	337.0761
393	0.2706778	0.005017762	-0.8268747	359.941	340.6325	1.567618	0	0	0	0	0	0	0.3387179	-0.1093372	-0.3517907	315.4075	331.4436	337.9981

